******   STANDARD FC-5  DATA CHECK ********************


1: Raw intensities, baseline and on-peak (as volts or cps) ********************
Hg202 [IonCounter]
	Back:	628.75, 919.0, 435.25, 1064.0, 870.5, 1160.75, 1306.0, 531.75, 1064.25, 531.75, 1015.75, 580.5, 1015.75, 1015.75, 1015.75, 919.0, 1064.25, 1015.75, 1354.5, 967.25, 822.25, 919.0, 1160.75, 774.0, 
	Peak:	967.5, 870.75, 870.75, 967.5, 822.5, 1548.25, 918.75, 435.0, 1403.0, 822.0, 870.5, 1209.25, 1015.75, 1064.0, 822.25, 628.5, 386.5, 774.0, 1016.0, 773.75, 1064.0, 919.25, 774.0, 1112.5, 1161.25, 1161.0, 919.25, 1402.75, 967.25, 1451.5, 1112.75, 
Pb204 [IonCounter]
	Back:	96.0, 321.5, 257.0, 193.0, 192.5, 128.5, 386.0, 192.75, 192.75, 450.75, 160.75, 192.75, 289.25, 193.0, 257.25, 224.75, 225.25, 257.5, 289.5, 160.75, 257.0, 192.75, 289.5, 224.75, 
	Peak:	257.5, 257.5, 353.75, 192.75, 321.5, 128.5, 160.5, 321.75, 128.5, 193.0, 386.0, 224.75, 450.5, 257.0, 225.25, 224.75, 96.25, 64.25, 257.25, 353.75, 386.0, 386.25, 160.5, 160.75, 418.25, 257.25, 160.75, 225.0, 225.25, 289.5, 128.25, 
Pb206 [IonCounter]
	Back:	185.75, 210.75, 235.0, 222.75, 210.25, 223.0, 98.75, 123.75, 222.5, 123.5, 161.0, 148.25, 161.0, 198.0, 185.75, 111.0, 235.0, 1301616.0, 1861400.0, 2080944.0, 2192152.0, 2347229.4921850003, 2414032.0, 2458512.0, 
	Peak:	2669839.4375, 2763615.3125, 2672592.0, 2724173.746095, 2791888.0, 2823056.0, 2729776.0, 2876176.0, 3000864.0, 3274772.4140625, 2967616.0, 3094736.0, 3157584.0, 3162144.0, 2937600.0, 3163104.0, 3324064.0, 3099792.0, 3030896.0, 3294640.0, 3245808.0, 3153264.0, 3299520.0, 3356656.0, 3253296.0, 3213568.0, 3213040.0, 3388672.0, 3207760.0, 3202800.0, 3468224.0, 
Pb207 [IonCounter]
	Back:	114.25, 52.5, 87.5, 96.25, 105.25, 44.0, 87.5, 96.5, 52.75, 87.75, 114.25, 26.25, 70.25, 114.0, 35.0, 105.25, 6470.0, 115032.0, 149620.0, 172994.0, 184244.0, 185521.0, 192635.0, 198976.0, 
	Peak:	210746.0, 206743.0, 203087.0, 215687.0, 212895.0, 201808.0, 219071.0, 228708.0, 229714.0, 230933.0, 227491.0, 245572.0, 237784.0, 230594.0, 239134.0, 246755.0, 240407.0, 240318.0, 256774.0, 243915.0, 249991.0, 243356.0, 259001.0, 251117.0, 248307.0, 250312.0, 254661.0, 246466.0, 250778.0, 252518.0, 256382.0, 
Pb208 [IonCounter]
	Back:	679.75, 97.0, 582.5, 291.25, 0.0, 291.25, 0.0, 97.0, 388.5, 291.25, 194.0, 194.0, 291.25, 194.25, 291.25, 388.5, 131699.0, 320140.0, 497692.0, 633906.0, 572766.0, 516216.0, 604804.0, 696152.0, 
	Peak:	643608.0, 746948.0, 796520.0, 702900.0, 686628.0, 784008.0, 864532.0, 801872.0, 795036.0, 859688.0, 851436.0, 803652.0, 898884.0, 1001708.0, 840428.0, 950140.0, 973076.0, 996352.0, 960240.0, 1040376.0, 1026264.0, 948972.0, 920500.0, 1066140.0, 987092.0, 927964.0, 920696.0, 1025668.0, 983672.0, 929260.0, 1084832.0, 
Th232 [IonCounter]
	Back:	97.0, 291.25, 194.0, 194.0, 97.0, 194.25, 0.0, 388.25, 97.0, 776.75, 485.5, 0.0, 291.0, 291.25, 97.0, 0.0, 1104412.0, 1908512.0, 3006368.0, 4803363.296875, 4549857.984375, 4067454.1015625, 4403995.7851575, 5889193.589845, 
	Peak:	4570030.96875, 4775169.4375, 6310117.90625, 5941925.765625, 5057310.8906225, 5911583.734375, 6543715.5546875, 6176113.96875, 6078356.8476575, 7354023.1171875, 7262777.84375, 6581952.1054675, 7144935.1757825, 7593634.90625, 6922630.0898425, 7530078.2773425, 8031339.984375, 8521052.4062475, 7574783.6914075, 8663537.109375, 8547283.3203125, 7992674.23828, 7932979.63281, 9154698.9843775, 8528183.296875, 7504045.3125, 8672905.40625, 9650878.2578125, 8208489.875, 7831851.46875, 9094213.214845, 
U235 [IonCounter]
	Back:	0.0, 0.0, 0.0, 0.0, 0.0, 0.0, 16.25, 0.0, 0.0, 32.5, 0.0, 16.25, 0.0, 0.0, 16.25, 32.5, 31458.5, 68098.25, 70990.0, 86440.5, 93167.5, 91746.5, 86556.38671875, 99112.0, 
	Peak:	107085.0, 94607.5, 98655.0, 105255.0, 97315.5, 94049.5, 105582.0, 110092.5, 99930.0, 95700.0, 110663.5, 107363.0, 99227.0, 106742.0, 109765.5, 106775.5, 104503.5, 111776.0, 107607.5, 104242.5, 111661.0, 111481.5, 106661.5, 108098.0, 107265.0, 103572.5, 100713.5, 102494.0, 108849.5, 105091.0, 98573.0, 
U238 [IonCounter]
	Back:	24.0, 48.0, 24.0, 0.0, 0.0, 24.0, 24.0, 96.25, 0.0, 120.0, 24.0, 0.0, 48.0, 72.0, 24.0, 0.0, 4335610.47, 9385300.815, 9783841.799999999, 1.1913229709999999E7, 1.284034485E7, 1.2644502629999999E7, 1.1929201217578124E7, 1.365961584E7, 
	Peak:	1.47584547E7, 1.3038805649999999E7, 1.35966321E7, 1.45062441E7, 1.3412022209999999E7, 1.296190209E7, 1.4551311239999998E7, 1.517294835E7, 1.37723526E7, 1.3189374E7, 1.5251643569999998E7, 1.479676866E7, 1.3675465139999999E7, 1.471118244E7, 1.5127881209999999E7, 1.471579941E7, 1.440267237E7, 1.5404968319999998E7, 1.4830465649999999E7, 1.436670135E7, 1.538911902E7, 1.536438033E7, 1.470008793E7, 1.489806636E7, 1.4783262299999999E7, 1.427436195E7, 1.3880334569999998E7, 1.412572308E7, 1.500163809E7, 1.448364162E7, 1.358533086E7, 


2: Intensities converted to cps, baseline and on-peak ********************
Hg202 [IonCounter]
	Back:	628.75, 919.0, 435.25, 1064.0, 870.5, 1160.75, 1306.0, 531.75, 1064.25, 531.75, 1015.75, 580.5, 1015.75, 1015.75, 1015.75, 919.0, 1064.25, 1015.75, 1354.5, 967.25, 822.25, 919.0, 1160.75, 774.0, 
	Peak:	967.5, 870.75, 870.75, 967.5, 822.5, 1548.25, 918.75, 435.0, 1403.0, 822.0, 870.5, 1209.25, 1015.75, 1064.0, 822.25, 628.5, 386.5, 774.0, 1016.0, 773.75, 1064.0, 919.25, 774.0, 1112.5, 1161.25, 1161.0, 919.25, 1402.75, 967.25, 1451.5, 1112.75, 
Pb204 [IonCounter]
	Back:	96.0, 321.5, 257.0, 193.0, 192.5, 128.5, 386.0, 192.75, 192.75, 450.75, 160.75, 192.75, 289.25, 193.0, 257.25, 224.75, 225.25, 257.5, 289.5, 160.75, 257.0, 192.75, 289.5, 224.75, 
	Peak:	257.5, 257.5, 353.75, 192.75, 321.5, 128.5, 160.5, 321.75, 128.5, 193.0, 386.0, 224.75, 450.5, 257.0, 225.25, 224.75, 96.25, 64.25, 257.25, 353.75, 386.0, 386.25, 160.5, 160.75, 418.25, 257.25, 160.75, 225.0, 225.25, 289.5, 128.25, 
Pb206 [IonCounter]
	Back:	185.75, 210.75, 235.0, 222.75, 210.25, 223.0, 98.75, 123.75, 222.5, 123.5, 161.0, 148.25, 161.0, 198.0, 185.75, 111.0, 235.0, 1301616.0, 1861400.0, 2080944.0, 2192152.0, 2347229.4921850003, 2414032.0, 2458512.0, 
	Peak:	2669839.4375, 2763615.3125, 2672592.0, 2724173.746095, 2791888.0, 2823056.0, 2729776.0, 2876176.0, 3000864.0, 3274772.4140625, 2967616.0, 3094736.0, 3157584.0, 3162144.0, 2937600.0, 3163104.0, 3324064.0, 3099792.0, 3030896.0, 3294640.0, 3245808.0, 3153264.0, 3299520.0, 3356656.0, 3253296.0, 3213568.0, 3213040.0, 3388672.0, 3207760.0, 3202800.0, 3468224.0, 
Pb207 [IonCounter]
	Back:	114.25, 52.5, 87.5, 96.25, 105.25, 44.0, 87.5, 96.5, 52.75, 87.75, 114.25, 26.25, 70.25, 114.0, 35.0, 105.25, 6470.0, 115032.0, 149620.0, 172994.0, 184244.0, 185521.0, 192635.0, 198976.0, 
	Peak:	210746.0, 206743.0, 203087.0, 215687.0, 212895.0, 201808.0, 219071.0, 228708.0, 229714.0, 230933.0, 227491.0, 245572.0, 237784.0, 230594.0, 239134.0, 246755.0, 240407.0, 240318.0, 256774.0, 243915.0, 249991.0, 243356.0, 259001.0, 251117.0, 248307.0, 250312.0, 254661.0, 246466.0, 250778.0, 252518.0, 256382.0, 
Pb208 [IonCounter]
	Back:	679.75, 97.0, 582.5, 291.25, 0.0, 291.25, 0.0, 97.0, 388.5, 291.25, 194.0, 194.0, 291.25, 194.25, 291.25, 388.5, 131699.0, 320140.0, 497692.0, 633906.0, 572766.0, 516216.0, 604804.0, 696152.0, 
	Peak:	643608.0, 746948.0, 796520.0, 702900.0, 686628.0, 784008.0, 864532.0, 801872.0, 795036.0, 859688.0, 851436.0, 803652.0, 898884.0, 1001708.0, 840428.0, 950140.0, 973076.0, 996352.0, 960240.0, 1040376.0, 1026264.0, 948972.0, 920500.0, 1066140.0, 987092.0, 927964.0, 920696.0, 1025668.0, 983672.0, 929260.0, 1084832.0, 
Th232 [IonCounter]
	Back:	97.0, 291.25, 194.0, 194.0, 97.0, 194.25, 0.0, 388.25, 97.0, 776.75, 485.5, 0.0, 291.0, 291.25, 97.0, 0.0, 1104412.0, 1908512.0, 3006368.0, 4803363.296875, 4549857.984375, 4067454.1015625, 4403995.7851575, 5889193.589845, 
	Peak:	4570030.96875, 4775169.4375, 6310117.90625, 5941925.765625, 5057310.8906225, 5911583.734375, 6543715.5546875, 6176113.96875, 6078356.8476575, 7354023.1171875, 7262777.84375, 6581952.1054675, 7144935.1757825, 7593634.90625, 6922630.0898425, 7530078.2773425, 8031339.984375, 8521052.4062475, 7574783.6914075, 8663537.109375, 8547283.3203125, 7992674.23828, 7932979.63281, 9154698.9843775, 8528183.296875, 7504045.3125, 8672905.40625, 9650878.2578125, 8208489.875, 7831851.46875, 9094213.214845, 
U235 [IonCounter]
	Back:	0.0, 0.0, 0.0, 0.0, 0.0, 0.0, 16.25, 0.0, 0.0, 32.5, 0.0, 16.25, 0.0, 0.0, 16.25, 32.5, 31458.5, 68098.25, 70990.0, 86440.5, 93167.5, 91746.5, 86556.38671875, 99112.0, 
	Peak:	107085.0, 94607.5, 98655.0, 105255.0, 97315.5, 94049.5, 105582.0, 110092.5, 99930.0, 95700.0, 110663.5, 107363.0, 99227.0, 106742.0, 109765.5, 106775.5, 104503.5, 111776.0, 107607.5, 104242.5, 111661.0, 111481.5, 106661.5, 108098.0, 107265.0, 103572.5, 100713.5, 102494.0, 108849.5, 105091.0, 98573.0, 
U238 [IonCounter]
	Back:	24.0, 48.0, 24.0, 0.0, 0.0, 24.0, 24.0, 96.25, 0.0, 120.0, 24.0, 0.0, 48.0, 72.0, 24.0, 0.0, 4335610.47, 9385300.815, 9783841.799999999, 1.1913229709999999E7, 1.284034485E7, 1.2644502629999999E7, 1.1929201217578124E7, 1.365961584E7, 
	Peak:	1.47584547E7, 1.3038805649999999E7, 1.35966321E7, 1.45062441E7, 1.3412022209999999E7, 1.296190209E7, 1.4551311239999998E7, 1.517294835E7, 1.37723526E7, 1.3189374E7, 1.5251643569999998E7, 1.479676866E7, 1.3675465139999999E7, 1.471118244E7, 1.5127881209999999E7, 1.471579941E7, 1.440267237E7, 1.5404968319999998E7, 1.4830465649999999E7, 1.436670135E7, 1.538911902E7, 1.536438033E7, 1.470008793E7, 1.489806636E7, 1.4783262299999999E7, 1.427436195E7, 1.3880334569999998E7, 1.412572308E7, 1.500163809E7, 1.448364162E7, 1.358533086E7, 


3: Si ********************
Pb204

 4.677348E03 1.862955E-08 4.573807E-09 2.403846E-08 1.620191E-08 2.835249E-08 3.707271E-08 6.260624E-09 2.404870E-08 7.790692E-09 2.183300E-08 7.395514E-09 2.236591E-08 2.193814E-08 2.220474E-08 1.814248E-08 2.417390E-08 2.220593E-08 3.917269E-08 1.982001E-08 1.475962E-08 1.801936E-08 2.897271E-08 1.300440E-08 2.020307E-08 1.648059E-08 1.702279E-08 1.993439E-08 1.511210E-08 5.032387E-08 1.790475E-08 4.914615E-09 4.135167E-08 1.448559E-08 1.723355E-08 3.107168E-08 2.346524E-08 2.430388E-08 1.461851E-08 8.733270E-09 3.212001E-09 1.257692E-08 2.221537E-08 1.368405E-08 2.506832E-08 1.906151E-08 1.277628E-08 2.614273E-08 2.983680E-08 2.882235E-08 1.792473E-08 4.165137E-08 2.004946E-08 4.486956E-08 2.606781E-08
 1.862955E-08 1.264372E04 1.529787E-08 5.447162E-08 3.771378E-08 6.195285E-08 9.166778E-08 1.648365E-08 5.448544E-08 3.364416E-08 4.880538E-08 1.890819E-08 5.478230E-08 4.998458E-08 5.297470E-08 4.298549E-08 5.588962E-08 5.298800E-08 9.069978E-08 4.450491E-08 3.705845E-08 4.160457E-08 6.890892E-08 3.200867E-08 4.870916E-08 4.075660E-08 4.683769E-08 4.569577E-08 4.093362E-08 1.088917E-07 4.040649E-08 1.916154E-08 8.972382E-08 3.406324E-08 4.928413E-08 7.060694E-08 6.711183E-08 5.744845E-08 3.547582E-08 2.288400E-08 7.637156E-09 2.721427E-08 5.299741E-08 3.970493E-08 6.602204E-08 5.320547E-08 2.945022E-08 5.801253E-08 7.837949E-08 6.711232E-08 4.045589E-08 9.321842E-08 4.707832E-08 1.028704E-07 5.706657E-08
 4.573807E-09 1.529787E-08 9.345068E03 1.381511E-08 1.004791E-08 1.460436E-08 2.694845E-08 5.289935E-09 1.381408E-08 1.625559E-08 1.205511E-08 5.833780E-09 1.587439E-08 1.280863E-08 1.471933E-08 1.180720E-08 1.471135E-08 1.472783E-08 2.393721E-08 1.109048E-08 1.114366E-08 1.092478E-08 1.904932E-08 9.344998E-09 1.376804E-08 1.198421E-08 1.587006E-08 1.184247E-08 1.361229E-08 2.513315E-08 1.016772E-08 8.735509E-09 2.083363E-08 9.237326E-09 1.744142E-08 1.800293E-08 2.375303E-08 1.571732E-08 1.013235E-08 7.298251E-09 2.110176E-09 6.281348E-09 1.472442E-08 1.427012E-08 2.119589E-08 1.832929E-08 7.710132E-09 1.412035E-08 2.507954E-08 1.789052E-08 1.018224E-08 2.307971E-08 1.273490E-08 2.666717E-08 1.350557E-08
 2.403846E-08 5.447162E-08 1.381511E-08 8.894210E03 4.679971E-08 8.137225E-08 1.077827E-07 1.833191E-08 6.927160E-08 2.451610E-08 6.280367E-08 2.158189E-08 6.495760E-08 6.322863E-08 6.430619E-08 5.250302E-08 6.977763E-08 6.431098E-08 1.130887E-07 5.703909E-08 4.298419E-08 5.200538E-08 8.387904E-08 3.778909E-08 5.857538E-08 4.791533E-08 5.010679E-08 5.748944E-08 4.439872E-08 1.442916E-07 5.155349E-08 1.519794E-08 1.185980E-07 4.188678E-08 5.096935E-08 8.952833E-08 6.940083E-08 7.031607E-08 4.241386E-08 2.555787E-08 9.298783E-09 3.606131E-08 6.433663E-08 4.054566E-08 7.340577E-08 5.620617E-08 3.686709E-08 7.514544E-08 8.734286E-08 8.325703E-08 5.161156E-08 1.198266E-07 5.796647E-08 1.294028E-07 7.482893E-08
 1.620191E-08 3.771378E-08 1.004791E-08 4.679971E-08 8.385649E03 5.466683E-08 7.395091E-08 1.272091E-08 4.681748E-08 1.887310E-08 4.235102E-08 1.489629E-08 4.449380E-08 4.277377E-08 4.384576E-08 3.575537E-08 4.732089E-08 4.385052E-08 7.671219E-08 3.849248E-08 2.957229E-08 3.526030E-08 5.716065E-08 2.590658E-08 4.001139E-08 3.287607E-08 3.505619E-08 3.893107E-08 3.097147E-08 9.678203E-08 3.481971E-08 1.142783E-08 7.958394E-08 2.848857E-08 3.592278E-08 6.053832E-08 4.891404E-08 4.786693E-08 2.900490E-08 1.771959E-08 6.336468E-09 2.418774E-08 4.386613E-08 2.865643E-08 5.094063E-08 3.943039E-08 2.498935E-08 5.061200E-08 6.058390E-08 5.653053E-08 3.485956E-08 8.081989E-08 3.941507E-08 8.763206E-08 5.028627E-08
 2.835249E-08 6.195285E-08 1.460436E-08 8.137225E-08 5.466683E-08 7.073171E03 1.241305E-07 2.078380E-08 8.140862E-08 2.352521E-08 7.402563E-08 2.465170E-08 7.498045E-08 7.421401E-08 7.469169E-08 6.108018E-08 8.163294E-08 7.469381E-08 1.322587E-07 6.716503E-08 4.931933E-08 6.085958E-08 9.749539E-08 4.356870E-08 6.786771E-08 5.518087E-08 5.615233E-08 6.738632E-08 4.996479E-08 1.712664E-07 6.063869E-08 1.520762E-08 1.406876E-07 4.881446E-08 5.651521E-08 1.051451E-07 7.695011E-08 8.184781E-08 4.906651E-08 2.901197E-08 1.080904E-08 4.280279E-08 7.472792E-08 4.477335E-08 8.321745E-08 6.274233E-08 4.315998E-08 8.871393E-08 9.908285E-08 9.724564E-08 6.070557E-08 1.412008E-07 6.757613E-08 1.516746E-07 8.859853E-08
 3.707271E-08 9.166778E-08 2.694845E-08 1.077827E-07 7.395091E-08 1.241305E-07 1.569610E04 3.106976E-08 1.078164E-07 5.580653E-08 9.702110E-08 3.596624E-08 1.056368E-07 9.872091E-08 1.030312E-07 8.379339E-08 1.098405E-07 1.030503E-07 1.781654E-07 8.833607E-08 7.089511E-08 8.180281E-08 1.341576E-07 6.162512E-08 9.440897E-08 7.834835E-08 8.711420E-08 9.006519E-08 7.649177E-08 2.189260E-07 8.006391E-08 3.251229E-08 1.802154E-07 6.656691E-08 9.062948E-08 1.395764E-07 1.234097E-07 1.120738E-07 6.861377E-08 4.319735E-08 1.487012E-08 5.471401E-08 1.030770E-07 7.270923E-08 1.244326E-07 9.853730E-08 5.793712E-08 1.156154E-07 1.478394E-07 1.315828E-07 8.015886E-08 1.852348E-07 9.204562E-08 2.027445E-07 1.142662E-07
 6.260624E-09 1.648365E-08 5.289935E-09 1.833191E-08 1.272091E-08 2.078380E-08 3.106976E-08 7.531405E03 1.833629E-08 1.178152E-08 1.640580E-08 6.425067E-09 1.855415E-08 1.682965E-08 1.790442E-08 1.452015E-08 1.884101E-08 1.790920E-08 3.057965E-08 1.496601E-08 1.257535E-08 1.402379E-08 2.328409E-08 1.084512E-08 1.647665E-08 1.381414E-08 1.599993E-08 1.539352E-08 1.396779E-08 3.649887E-08 1.359366E-08 6.678935E-09 3.008149E-08 1.149921E-08 1.687976E-08 2.376778E-08 2.298588E-08 1.940190E-08 1.200649E-08 7.790192E-09 2.580507E-09 9.121820E-09 1.791203E-08 1.361190E-08 2.248360E-08 1.819311E-08 9.925511E-09 1.948834E-08 2.668692E-08 2.263768E-08 1.361040E-08 3.133836E-08 1.589100E-08 3.465434E-08 1.914772E-08
 2.404870E-08 5.448544E-08 1.381408E-08 6.927160E-08 4.681748E-08 8.140862E-08 1.078164E-07 1.833629E-08 8.886834E03 2.450447E-08 6.283025E-08 2.158780E-08 6.497859E-08 6.325410E-08 6.432887E-08 5.252194E-08 6.980464E-08 6.433365E-08 1.131323E-07 5.706295E-08 4.299687E-08 5.202558E-08 8.390891E-08 3.780109E-08 5.859536E-08 4.793029E-08 5.011608E-08 5.751222E-08 4.440781E-08 1.443576E-07 5.157478E-08 1.519329E-08 1.186518E-07 4.190222E-08 5.097633E-08 8.956465E-08 6.941032E-08 7.034159E-08 4.242801E-08 2.556413E-08 9.302097E-09 3.607779E-08 6.435933E-08 4.055046E-08 7.342329E-08 5.621558E-08 3.688148E-08 7.517782E-08 8.736398E-08 8.328862E-08 5.163287E-08 1.198772E-07 5.798794E-08 1.294541E-07 7.486222E-08
 7.790692E-09 3.364416E-08 1.625559E-08 2.451610E-08 1.887310E-08 2.352521E-08 5.580653E-08 1.178152E-08 2.450447E-08 1.580064E04 2.069593E-08 1.259325E-08 3.244456E-08 2.301384E-08 2.889142E-08 2.290640E-08 2.726461E-08 2.891757E-08 4.449408E-08 1.925614E-08 2.354101E-08 2.019197E-08 3.719852E-08 1.923137E-08 2.748502E-08 2.482251E-08 3.677590E-08 2.156170E-08 3.112830E-08 3.924028E-08 1.787045E-08 2.386614E-08 3.282290E-08 1.768340E-08 4.161653E-08 3.215403E-08 5.668029E-08 3.036756E-08 2.043010E-08 1.617644E-08 4.118554E-09 9.807173E-09 2.889903E-08 3.438786E-08 4.722036E-08 4.296193E-08 1.420231E-08 2.377847E-08 5.572983E-08 3.362468E-08 1.790053E-08 3.974328E-08 2.431460E-08 4.856877E-08 2.187847E-08
 2.183300E-08 4.880538E-08 1.205511E-08 6.280367E-08 4.235102E-08 7.402563E-08 9.702110E-08 1.640580E-08 6.283025E-08 2.069593E-08 7.737741E03 1.936771E-08 5.852156E-08 5.732213E-08 5.806966E-08 4.743971E-08 6.318129E-08 5.807299E-08 1.023852E-07 5.177371E-08 3.863867E-08 4.709448E-08 7.576465E-08 3.403001E-08 5.284579E-08 4.313063E-08 4.465091E-08 5.209244E-08 3.962533E-08 1.313679E-07 4.677500E-08 1.301158E-08 1.079517E-07 3.787201E-08 4.524360E-08 8.118313E-08 6.160395E-08 6.354788E-08 3.824302E-08 2.288295E-08 8.399446E-09 3.283141E-08 5.809741E-08 3.593726E-08 6.569128E-08 5.001467E-08 3.339039E-08 6.827514E-08 7.818274E-08 7.534072E-08 4.682728E-08 1.087949E-07 5.241706E-08 1.172532E-07 6.806282E-08
 7.395514E-09 1.890819E-08 5.833780E-09 2.158189E-08 1.489629E-08 2.465170E-08 3.596624E-08 6.425067E-09 2.158780E-08 1.259325E-08 1.936771E-08 7.655493E03 2.151605E-08 1.979156E-08 2.086633E-08 1.694469E-08 2.209252E-08 2.087111E-08 3.584656E-08 1.765182E-08 1.451626E-08 1.644833E-08 2.715199E-08 1.256493E-08 1.916385E-08 1.599077E-08 1.817656E-08 1.808072E-08 1.590988E-08 4.338031E-08 1.601688E-08 7.222155E-09 3.573233E-08 1.343894E-08 1.905514E-08 2.796566E-08 2.594779E-08 2.265188E-08 1.394740E-08 8.924179E-09 3.009348E-09 1.084163E-08 2.087539E-08 1.533059E-08 2.573358E-08 2.061897E-08 1.164532E-08 2.304136E-08 3.055815E-08 2.650725E-08 1.603626E-08 3.698719E-08 1.857680E-08 4.070262E-08 2.270233E-08
 2.236591E-08 5.478230E-08 1.587439E-08 6.495760E-08 4.449380E-08 7.498045E-08 1.056368E-07 1.855415E-08 6.497859E-08 3.244456E-08 5.852156E-08 2.151605E-08 1.185633E04 5.947606E-08 6.189638E-08 5.036060E-08 6.611519E-08 6.190715E-08 1.072315E-07 5.326794E-08 4.245795E-08 4.924283E-08 8.061098E-08 3.695090E-08 5.667995E-08 4.696479E-08 5.188707E-08 5.424079E-08 4.560225E-08 1.323227E-07 4.826459E-08 1.899780E-08 1.089065E-07 4.002593E-08 5.385930E-08 8.410402E-08 7.333954E-08 6.736716E-08 4.117691E-08 2.580384E-08 8.935140E-09 3.307011E-08 6.192413E-08 4.317343E-08 7.430697E-08 5.864153E-08 3.487998E-08 6.976937E-08 8.829824E-08 7.916744E-08 4.832151E-08 1.117223E-07 5.535096E-08 1.220996E-07 6.901393E-08
 2.193814E-08 4.998458E-08 1.280863E-08 6.322863E-08 4.277377E-08 7.421401E-08 9.872091E-08 1.682965E-08 6.325410E-08 2.301384E-08 5.732213E-08 1.979156E-08 5.947606E-08 8.771395E03 5.882465E-08 4.801598E-08 6.376013E-08 5.882944E-08 1.033413E-07 5.206851E-08 3.939219E-08 4.751833E-08 7.672080E-08 3.460628E-08 5.360224E-08 4.388708E-08 4.607855E-08 5.251629E-08 4.080453E-08 1.315563E-07 4.706889E-08 1.419261E-08 1.081401E-07 3.829696E-08 4.694342E-08 8.175940E-08 6.391929E-08 6.430140E-08 3.882185E-08 2.345922E-08 8.505134E-09 3.287850E-08 5.885239E-08 3.736490E-08 6.739109E-08 5.171669E-08 3.368428E-08 6.856994E-08 8.017845E-08 7.609570E-08 4.712208E-08 1.093724E-07 5.299590E-08 1.182094E-07 6.825047E-08
 2.220474E-08 5.297470E-08 1.471933E-08 6.430619E-08 4.384576E-08 7.469169E-08 1.030312E-07 1.790442E-08 6.432887E-08 2.889142E-08 5.806966E-08 2.086633E-08 6.189638E-08 5.882465E-08 1.083069E04 4.947724E-08 6.522789E-08 6.074758E-08 1.057659E-07 5.281604E-08 4.130289E-08 4.859310E-08 7.914531E-08 3.606753E-08 5.552038E-08 4.580523E-08 4.969864E-08 5.359106E-08 4.379465E-08 1.320340E-07 4.781409E-08 1.718739E-08 1.086178E-07 3.937452E-08 5.125366E-08 8.322066E-08 6.979035E-08 6.621210E-08 4.028962E-08 2.492048E-08 8.773130E-09 3.299792E-08 6.076681E-08 4.098500E-08 7.170133E-08 5.603251E-08 3.442949E-08 6.931747E-08 8.523901E-08 7.801012E-08 4.786961E-08 1.108369E-07 5.446367E-08 1.206339E-07 6.872629E-08
 1.814248E-08 4.298549E-08 1.180720E-08 5.250302E-08 3.575537E-08 6.108018E-08 8.379339E-08 1.452015E-08 5.252194E-08 2.290640E-08 4.743971E-08 1.694469E-08 5.036060E-08 4.801598E-08 4.947724E-08 9.542755E03 5.320815E-08 4.948374E-08 8.627044E-08 4.313924E-08 3.356778E-08 3.964107E-08 6.447957E-08 2.933910E-08 4.520489E-08 3.725233E-08 4.022413E-08 4.373227E-08 3.547095E-08 1.080190E-07 3.904507E-08 1.369038E-08 8.885115E-08 3.209464E-08 4.140974E-08 6.793737E-08 5.638598E-08 5.395778E-08 3.279436E-08 2.021442E-08 7.147553E-09 2.699610E-08 4.949995E-08 3.309137E-08 5.814765E-08 4.532087E-08 2.808880E-08 5.664686E-08 6.913433E-08 6.361486E-08 3.909022E-08 9.054291E-08 4.439685E-08 9.844101E-08 5.619730E-08
 2.417390E-08 5.588962E-08 1.471135E-08 6.977763E-08 4.732089E-08 8.163294E-08 1.098405E-07 1.884101E-08 6.980464E-08 2.726461E-08 6.318129E-08 2.209252E-08 6.611519E-08 6.376013E-08 6.522789E-08 5.320815E-08 9.928501E03 6.523442E-08 1.142709E-07 5.741399E-08 4.389414E-08 5.253030E-08 8.504747E-08 3.848731E-08 5.949613E-08 4.883106E-08 5.181610E-08 5.801694E-08 4.581198E-08 1.445819E-07 5.192473E-08 1.659965E-08 1.188762E-07 4.240825E-08 5.300044E-08 9.025086E-08 7.216740E-08 7.123887E-08 4.311728E-08 2.625034E-08 9.427950E-09 3.613387E-08 6.525835E-08 4.225047E-08 7.544740E-08 5.824232E-08 3.723143E-08 7.552886E-08 8.974044E-08 8.418764E-08 5.198392E-08 1.205649E-07 5.867721E-08 1.305926E-07 7.508567E-08
 2.220593E-08 5.298800E-08 1.472783E-08 6.431098E-08 4.385052E-08 7.469381E-08 1.030503E-07 1.790920E-08 6.433365E-08 2.891757E-08 5.807299E-08 2.087111E-08 6.190715E-08 5.882944E-08 6.074758E-08 4.948374E-08 6.523442E-08 1.083870E04 1.057766E-07 5.281937E-08 4.131139E-08 4.859789E-08 7.915609E-08 3.607403E-08 5.552892E-08 4.581376E-08 4.971474E-08 5.359585E-08 4.380795E-08 1.320361E-07 4.781741E-08 1.720071E-08 1.086199E-07 3.937932E-08 5.127283E-08 8.322716E-08 6.981647E-08 6.622060E-08 4.029615E-08 2.492698E-08 8.774323E-09 3.299845E-08 6.077533E-08 4.100110E-08 7.172050E-08 5.605171E-08 3.443280E-08 6.932079E-08 8.526152E-08 7.801864E-08 4.787293E-08 1.108435E-07 5.447019E-08 1.206447E-07 6.872840E-08
 3.917269E-08 9.069978E-08 2.393721E-08 1.130887E-07 7.671219E-08 1.322587E-07 1.781654E-07 3.057965E-08 1.131323E-07 4.449408E-08 1.023852E-07 3.584656E-08 1.072315E-07 1.033413E-07 1.057659E-07 8.627044E-08 1.142709E-07 1.057766E-07 1.272660E04 9.304314E-08 7.120851E-08 8.515073E-08 1.378989E-07 6.242510E-08 9.648156E-08 7.920592E-08 8.413671E-08 9.403818E-08 7.437568E-08 2.342256E-07 8.415131E-08 2.705678E-08 1.925866E-07 6.875484E-08 8.609388E-08 1.462735E-07 1.172288E-07 1.155024E-07 6.992525E-08 4.260324E-08 1.528676E-08 5.853760E-08 1.058152E-07 6.864198E-08 1.224543E-07 9.458518E-08 6.035060E-08 1.223862E-07 1.456487E-07 1.364775E-07 8.424731E-08 1.953774E-07 9.512976E-08 2.116746E-07 1.216531E-07
 1.982001E-08 4.450491E-08 1.109048E-08 5.703909E-08 3.849248E-08 6.716503E-08 8.833607E-08 1.496601E-08 5.706295E-08 1.925614E-08 5.177371E-08 1.765182E-08 5.326794E-08 5.206851E-08 5.281604E-08 4.313924E-08 5.741399E-08 5.281937E-08 9.304314E-08 7.614288E03 3.519602E-08 4.279401E-08 6.890405E-08 3.097954E-08 4.807943E-08 3.926988E-08 4.079015E-08 4.732608E-08 3.618059E-08 1.191621E-07 4.247687E-08 1.204805E-08 9.792865E-08 3.443145E-08 4.138507E-08 7.373723E-08 5.635033E-08 5.778329E-08 3.480037E-08 2.087157E-08 7.638798E-09 2.978094E-08 5.284120E-08 3.288876E-08 5.992669E-08 4.571186E-08 3.033992E-08 6.197304E-08 7.131622E-08 6.847716E-08 4.252447E-08 9.877540E-08 4.765317E-08 1.065252E-07 6.175789E-08
 1.475962E-08 3.705845E-08 1.114366E-08 4.298419E-08 2.957229E-08 4.931933E-08 7.089511E-08 1.257535E-08 4.299687E-08 2.354101E-08 3.863867E-08 1.451626E-08 4.245795E-08 3.939219E-08 4.130289E-08 3.356778E-08 4.389414E-08 4.131139E-08 7.120851E-08 3.519602E-08 1.033014E04 3.268537E-08 5.376430E-08 2.478052E-08 3.788605E-08 3.151980E-08 3.540565E-08 3.596048E-08 3.104285E-08 8.689520E-08 3.191647E-08 1.361100E-08 7.155078E-08 2.664670E-08 3.696579E-08 5.567953E-08 5.033659E-08 4.488640E-08 2.755232E-08 1.747596E-08 5.959093E-09 2.171687E-08 4.132107E-08 2.969568E-08 5.036497E-08 4.010171E-08 2.314566E-08 4.600926E-08 5.982443E-08 5.262046E-08 3.195467E-08 7.377879E-08 3.684044E-08 8.095139E-08 4.540880E-08
 1.801936E-08 4.160457E-08 1.092478E-08 5.200538E-08 3.526030E-08 6.085958E-08 8.180281E-08 1.402379E-08 5.202558E-08 2.019197E-08 4.709448E-08 1.644833E-08 4.924283E-08 4.751833E-08 4.859310E-08 3.964107E-08 5.253030E-08 4.859789E-08 8.515073E-08 4.279401E-08 3.268537E-08 8.517114E03 6.335987E-08 2.866425E-08 4.431904E-08 3.636648E-08 3.855227E-08 4.323591E-08 3.409003E-08 1.077984E-07 3.870092E-08 1.230731E-08 8.863055E-08 3.159699E-08 3.941915E-08 6.726252E-08 5.367456E-08 5.307537E-08 3.211651E-08 1.953958E-08 7.023785E-09 2.694095E-08 4.861582E-08 3.141952E-08 5.615706E-08 4.332771E-08 2.774464E-08 5.630163E-08 6.679723E-08 6.273072E-08 3.874499E-08 8.986656E-08 4.371900E-08 9.732130E-08 5.597755E-08
 2.897271E-08 6.890892E-08 1.904932E-08 8.387904E-08 5.716065E-08 9.749539E-08 1.341576E-07 2.328409E-08 8.390891E-08 3.719852E-08 7.576465E-08 2.715199E-08 8.061098E-08 7.672080E-08 7.914531E-08 6.447957E-08 8.504747E-08 7.915609E-08 1.378989E-07 6.890405E-08 5.376430E-08 6.335987E-08 1.223343E04 4.696809E-08 7.232999E-08 5.964315E-08 6.457394E-08 6.988661E-08 5.692086E-08 1.723776E-07 6.237230E-08 2.217451E-08 1.417988E-07 5.132124E-08 6.654234E-08 1.085445E-07 9.060826E-08 8.629277E-08 5.248104E-08 3.241136E-08 1.143249E-08 4.308060E-08 7.918154E-08 5.319496E-08 9.324458E-08 7.278246E-08 4.489359E-08 9.045295E-08 1.108555E-07 1.016993E-07 6.244459E-08 1.446078E-07 7.099067E-08 1.573148E-07 8.970545E-08
 1.300440E-08 3.200867E-08 9.344998E-09 3.778909E-08 2.590658E-08 4.356870E-08 6.162512E-08 1.084512E-08 3.780109E-08 1.923137E-08 3.403001E-08 1.256493E-08 3.695090E-08 3.460628E-08 3.606753E-08 2.933910E-08 3.848731E-08 3.607403E-08 6.242510E-08 3.097954E-08 2.478052E-08 2.866425E-08 4.696809E-08 9.173671E03 3.303890E-08 2.739788E-08 3.036968E-08 3.156628E-08 2.667835E-08 7.686402E-08 2.807423E-08 1.123101E-08 6.326760E-08 2.331272E-08 3.156094E-08 4.893194E-08 4.297627E-08 3.924385E-08 2.400710E-08 1.508042E-08 5.206022E-09 1.920987E-08 3.608364E-08 2.531017E-08 4.343372E-08 3.433808E-08 2.030256E-08 4.056095E-08 5.160776E-08 4.609583E-08 2.810743E-08 6.496847E-08 3.223715E-08 7.105810E-08 4.010416E-08
 2.020307E-08 4.870916E-08 1.376804E-08 5.857538E-08 4.001139E-08 6.786771E-08 9.440897E-08 1.647665E-08 5.859536E-08 2.748502E-08 5.284579E-08 1.916385E-08 5.667995E-08 5.360224E-08 5.552038E-08 4.520489E-08 5.949613E-08 5.552892E-08 9.648156E-08 4.807943E-08 3.788605E-08 4.431904E-08 7.232999E-08 3.303890E-08 1.071589E04 4.197243E-08 4.587341E-08 4.885346E-08 4.038053E-08 1.198916E-07 4.354089E-08 1.624203E-08 9.864724E-08 3.595606E-08 4.743370E-08 7.581870E-08 6.458927E-08 6.048500E-08 3.687081E-08 2.292571E-08 8.017500E-09 2.996332E-08 5.554556E-08 3.796793E-08 6.598491E-08 5.177054E-08 3.139767E-08 6.305039E-08 7.842954E-08 7.118960E-08 4.359176E-08 1.008744E-07 4.973025E-08 1.099706E-07 6.245518E-08
 1.648059E-08 4.075660E-08 1.198421E-08 4.791533E-08 3.287607E-08 5.518087E-08 7.834835E-08 1.381414E-08 4.793029E-08 2.482251E-08 4.313063E-08 1.599077E-08 4.696479E-08 4.388708E-08 4.580523E-08 3.725233E-08 4.883106E-08 4.581376E-08 7.920592E-08 3.926988E-08 3.151980E-08 3.636648E-08 5.964315E-08 2.739788E-08 4.197243E-08 1.046962E04 3.873399E-08 4.003935E-08 3.401041E-08 9.732026E-08 3.559265E-08 1.446024E-08 8.011229E-08 2.959368E-08 4.029838E-08 6.204952E-08 5.487411E-08 4.982495E-08 3.050456E-08 1.920619E-08 6.610885E-09 2.432230E-08 4.582562E-08 3.233055E-08 5.532485E-08 4.381365E-08 2.575665E-08 5.139636E-08 6.573177E-08 5.849729E-08 3.563487E-08 8.234602E-08 4.092071E-08 9.013206E-08 5.079591E-08
 1.702279E-08 4.683769E-08 1.587006E-08 5.010679E-08 3.505619E-08 5.615233E-08 8.711420E-08 1.599993E-08 5.011608E-08 3.677590E-08 4.465091E-08 1.817656E-08 5.188707E-08 4.607855E-08 4.969864E-08 4.022413E-08 5.181610E-08 4.971474E-08 8.413671E-08 4.079015E-08 3.540565E-08 3.855227E-08 6.457394E-08 3.036968E-08 4.587341E-08 3.873399E-08 1.355455E04 4.222514E-08 4.009150E-08 9.829172E-08 3.710820E-08 2.055080E-08 8.108375E-08 3.178514E-08 4.906423E-08 6.502131E-08 6.681425E-08 5.371080E-08 3.348959E-08 2.217799E-08 7.155916E-09 2.456516E-08 4.971903E-08 3.969283E-08 6.409071E-08 5.259086E-08 2.727219E-08 5.291664E-08 7.602357E-08 6.239070E-08 3.715514E-08 8.532443E-08 4.390574E-08 9.506286E-08 5.176360E-08
 1.993439E-08 4.569577E-08 1.184247E-08 5.748944E-08 3.893107E-08 6.738632E-08 9.006519E-08 1.539352E-08 5.751222E-08 2.156170E-08 5.209244E-08 1.808072E-08 5.424079E-08 5.251629E-08 5.359106E-08 4.373227E-08 5.801694E-08 5.359585E-08 9.403818E-08 4.732608E-08 3.596048E-08 4.323591E-08 6.988661E-08 3.156628E-08 4.885346E-08 4.003935E-08 4.222514E-08 8.640566E03 3.736714E-08 1.194103E-07 4.278989E-08 1.322395E-08 9.816585E-08 3.487012E-08 4.308992E-08 7.434608E-08 5.867252E-08 5.855943E-08 3.539162E-08 2.145308E-08 7.747418E-09 2.984297E-08 5.361624E-08 3.431967E-08 6.164112E-08 4.742113E-08 3.064666E-08 6.229704E-08 7.332960E-08 6.926028E-08 4.283841E-08 9.939846E-08 4.825107E-08 1.075272E-07 6.197566E-08
 1.511210E-08 4.093362E-08 1.361229E-08 4.439872E-08 3.097147E-08 4.996479E-08 7.649177E-08 1.396779E-08 4.440781E-08 3.112830E-08 3.962533E-08 1.590988E-08 4.560225E-08 4.080453E-08 4.379465E-08 3.547095E-08 4.581198E-08 4.380795E-08 7.437568E-08 3.618059E-08 3.104285E-08 3.409003E-08 5.692086E-08 2.667835E-08 4.038053E-08 3.401041E-08 4.009150E-08 3.736714E-08 1.239808E04 8.756351E-08 3.289604E-08 1.747790E-08 7.220976E-08 2.805129E-08 4.254182E-08 5.759616E-08 5.793178E-08 4.737555E-08 2.946022E-08 1.936935E-08 6.308017E-09 2.188395E-08 4.381284E-08 3.437806E-08 5.594914E-08 4.568684E-08 2.411990E-08 4.700040E-08 6.638111E-08 5.511910E-08 3.293726E-08 7.571061E-08 3.875400E-08 8.412449E-08 4.604949E-08
 5.032387E-08 1.088917E-07 2.513315E-08 1.442916E-07 9.678203E-08 1.712664E-07 2.189260E-07 3.649887E-08 1.443576E-07 3.924028E-08 1.313679E-07 4.338031E-08 1.323227E-07 1.315563E-07 1.320340E-07 1.080190E-07 1.445819E-07 1.320361E-07 2.342256E-07 1.191621E-07 8.689520E-08 1.077984E-07 1.723776E-07 7.686402E-08 1.198916E-07 9.732026E-08 9.829172E-08 1.194103E-07 8.756351E-08 8.059516E03 1.075520E-07 2.572432E-08 2.500874E-07 8.636748E-08 9.863041E-08 1.864157E-07 1.342924E-07 1.447672E-07 8.664238E-08 5.096588E-08 1.911137E-08 7.609810E-08 1.320984E-07 7.804716E-08 1.461368E-07 1.097067E-07 7.645530E-08 1.575001E-07 1.740296E-07 1.721601E-07 1.076699E-07 2.505617E-07 1.195732E-07 2.687688E-07 1.574156E-07
 1.790475E-08 4.040649E-08 1.016772E-08 5.155349E-08 3.481971E-08 6.063869E-08 8.006391E-08 1.359366E-08 5.157478E-08 1.787045E-08 4.677500E-08 1.601688E-08 4.826459E-08 4.706889E-08 4.781409E-08 3.904507E-08 5.192473E-08 4.781741E-08 8.415131E-08 4.247687E-08 3.191647E-08 3.870092E-08 6.237230E-08 2.807423E-08 4.354089E-08 3.559265E-08 3.710820E-08 4.278989E-08 3.289604E-08 1.075520E-07 7.482823E03 1.112334E-08 8.839455E-08 3.115620E-08 3.770331E-08 6.665150E-08 5.133739E-08 5.229538E-08 3.152204E-08 1.895451E-08 6.914613E-09 2.687935E-08 4.783679E-08 2.997933E-08 5.443212E-08 4.160754E-08 2.743660E-08 5.597714E-08 6.477153E-08 6.194402E-08 3.843005E-08 8.924196E-08 4.311822E-08 9.631526E-08 5.576005E-08
 4.914615E-09 1.916154E-08 8.735509E-09 1.519794E-08 1.142783E-08 1.520762E-08 3.251229E-08 6.678935E-09 1.519329E-08 2.386614E-08 1.301158E-08 7.222155E-09 1.899780E-08 1.419261E-08 1.718739E-08 1.369038E-08 1.659965E-08 1.720071E-08 2.705678E-08 1.204805E-08 1.361100E-08 1.230731E-08 2.217451E-08 1.123101E-08 1.624203E-08 1.446024E-08 2.055080E-08 1.322395E-08 1.747790E-08 2.572432E-08 1.112334E-08 1.141975E04 2.142974E-08 1.062541E-08 2.301618E-08 1.987900E-08 3.134651E-08 1.817940E-08 1.202591E-08 9.186612E-09 2.455618E-09 6.429142E-09 1.719247E-08 1.895270E-08 2.676633E-08 2.391028E-08 8.668573E-09 1.507445E-08 3.161946E-08 2.035494E-08 1.114086E-08 2.495417E-08 1.462546E-08 2.978362E-08 1.410768E-08
 4.135167E-08 8.972382E-08 2.083363E-08 1.185980E-07 7.958394E-08 1.406876E-07 1.802154E-07 3.008149E-08 1.186518E-07 3.282290E-08 1.079517E-07 3.573233E-08 1.089065E-07 1.081401E-07 1.086178E-07 8.885115E-08 1.188762E-07 1.086199E-07 1.925866E-07 9.792865E-08 7.155078E-08 8.863055E-08 1.417988E-07 6.326760E-08 9.864724E-08 8.011229E-08 8.108375E-08 9.816585E-08 7.220976E-08 2.500874E-07 8.839455E-08 2.142974E-08 7.689796E03 7.103239E-08 8.143232E-08 1.532282E-07 1.108762E-07 1.190735E-07 7.129796E-08 4.200081E-08 1.572104E-08 6.250168E-08 1.086707E-07 6.445952E-08 1.204432E-07 9.052841E-08 6.285888E-08 1.294107E-07 1.434245E-07 1.415682E-07 8.849165E-08 2.059033E-07 9.833976E-08 2.209524E-07 1.293136E-07
 1.448559E-08 3.406324E-08 9.237326E-09 4.188678E-08 2.848857E-08 4.881446E-08 6.656691E-08 1.149921E-08 4.190222E-08 1.768340E-08 3.787201E-08 1.343894E-08 4.002593E-08 3.829696E-08 3.937452E-08 3.209464E-08 4.240825E-08 3.937932E-08 6.875484E-08 3.443145E-08 2.664670E-08 3.159699E-08 5.132124E-08 2.331272E-08 3.595606E-08 2.959368E-08 3.178514E-08 3.487012E-08 2.805129E-08 8.636748E-08 3.115620E-08 1.062541E-08 7.103239E-08 8.278222E03 3.265822E-08 5.419295E-08 4.446917E-08 4.295955E-08 2.607636E-08 1.601260E-08 5.689037E-09 2.158495E-08 3.939269E-08 2.607864E-08 4.604925E-08 3.578668E-08 2.239072E-08 4.523811E-08 5.475701E-08 5.068521E-08 3.119207E-08 7.227796E-08 3.535884E-08 7.849181E-08 4.490815E-08
 1.723355E-08 4.928413E-08 1.744142E-08 5.096935E-08 3.592278E-08 5.651521E-08 9.062948E-08 1.687976E-08 5.097633E-08 4.161653E-08 4.524360E-08 1.905514E-08 5.385930E-08 4.694342E-08 5.125366E-08 4.140974E-08 5.300044E-08 5.127283E-08 8.609388E-08 4.138507E-08 3.696579E-08 3.941915E-08 6.654234E-08 3.156094E-08 4.743370E-08 4.029838E-08 4.906423E-08 4.308992E-08 4.254182E-08 9.863041E-08 3.770331E-08 2.301618E-08 8.143232E-08 3.265822E-08 1.458757E04 6.619269E-08 7.163224E-08 5.526043E-08 3.468445E-08 2.337396E-08 7.373485E-09 2.464984E-08 5.127403E-08 4.266447E-08 6.761920E-08 5.613058E-08 2.787295E-08 5.350459E-08 8.016586E-08 6.393843E-08 3.775215E-08 8.648684E-08 4.509462E-08 9.701376E-08 5.212746E-08
 3.107168E-08 7.060694E-08 1.800293E-08 8.952833E-08 6.053832E-08 1.051451E-07 1.395764E-07 2.376778E-08 8.956465E-08 3.215403E-08 8.118313E-08 2.796566E-08 8.410402E-08 8.175940E-08 8.322066E-08 6.793737E-08 9.025086E-08 8.322716E-08 1.462735E-07 7.373723E-08 5.567953E-08 6.726252E-08 1.085445E-07 4.893194E-08 7.581870E-08 6.204952E-08 6.502131E-08 7.434608E-08 5.759616E-08 1.864157E-07 6.665150E-08 1.987900E-08 1.532282E-07 5.419295E-08 6.619269E-08 1.028156E04 9.012940E-08 9.098309E-08 5.490611E-08 3.313334E-08 1.203311E-08 4.658894E-08 8.325998E-08 5.267156E-08 9.517296E-08 7.295735E-08 4.768164E-08 9.712453E-08 1.132372E-07 1.076987E-07 6.672670E-08 1.548970E-07 7.499484E-08 1.673458E-07 9.669316E-08
 2.346524E-08 6.711183E-08 2.375303E-08 6.940083E-08 4.891404E-08 7.695011E-08 1.234097E-07 2.298588E-08 6.941032E-08 5.668029E-08 6.160395E-08 2.594779E-08 7.333954E-08 6.391929E-08 6.979035E-08 5.638598E-08 7.216740E-08 6.981647E-08 1.172288E-07 5.635033E-08 5.033659E-08 5.367456E-08 9.060826E-08 4.297627E-08 6.458927E-08 5.487411E-08 6.681425E-08 5.867252E-08 5.793178E-08 1.342924E-07 5.133739E-08 3.134651E-08 1.108762E-07 4.446917E-08 7.163224E-08 9.012940E-08 1.702460E04 7.524580E-08 4.722913E-08 3.182922E-08 1.004020E-08 3.356253E-08 6.981810E-08 5.810060E-08 9.207991E-08 7.643750E-08 3.795278E-08 7.285175E-08 1.091651E-07 8.706141E-08 5.140389E-08 1.177611E-07 6.140318E-08 1.320968E-07 7.097593E-08
 2.430388E-08 5.744845E-08 1.571732E-08 7.031607E-08 4.786693E-08 8.184781E-08 1.120738E-07 1.940190E-08 7.034159E-08 3.036756E-08 6.354788E-08 2.265188E-08 6.736716E-08 6.430140E-08 6.621210E-08 5.395778E-08 7.123887E-08 6.622060E-08 1.155024E-07 5.778329E-08 4.488640E-08 5.307537E-08 8.629277E-08 3.924385E-08 6.048500E-08 4.982495E-08 5.371080E-08 5.855943E-08 4.737555E-08 1.447672E-07 5.229538E-08 1.817940E-08 1.190735E-07 4.295955E-08 5.526043E-08 9.098309E-08 7.524580E-08 1.094549E04 4.387510E-08 2.701263E-08 9.565588E-09 3.618020E-08 6.624254E-08 4.414966E-08 7.769685E-08 6.050281E-08 3.760899E-08 7.588965E-08 9.238093E-08 8.516294E-08 5.235577E-08 1.212846E-07 5.942772E-08 1.318165E-07 7.530263E-08
 1.461851E-08 3.547582E-08 1.013235E-08 4.241386E-08 2.900490E-08 4.906651E-08 6.861377E-08 1.200649E-08 4.242801E-08 2.043010E-08 3.824302E-08 1.394740E-08 4.117691E-08 3.882185E-08 4.028962E-08 3.279436E-08 4.311728E-08 4.029615E-08 6.992525E-08 3.480037E-08 2.755232E-08 3.211651E-08 5.248104E-08 2.400710E-08 3.687081E-08 3.050456E-08 3.348959E-08 3.539162E-08 2.946022E-08 8.664238E-08 3.152204E-08 1.202591E-08 7.129796E-08 2.607636E-08 3.468445E-08 5.490611E-08 4.722913E-08 4.387510E-08 9.312512E03 1.670254E-08 5.817247E-09 2.165367E-08 4.030780E-08 2.777962E-08 4.808363E-08 3.781742E-08 2.275123E-08 4.561360E-08 5.714595E-08 5.160718E-08 3.155901E-08 7.300365E-08 3.606358E-08 7.966814E-08 4.515696E-08
 8.733270E-09 2.288400E-08 7.298251E-09 2.555787E-08 1.771959E-08 2.901197E-08 4.319735E-08 7.790192E-09 2.556413E-08 1.617644E-08 2.288295E-08 8.924179E-09 2.580384E-08 2.345922E-08 2.492048E-08 2.021442E-08 2.625034E-08 2.492698E-08 4.260324E-08 2.087157E-08 1.747596E-08 1.953958E-08 3.241136E-08 1.508042E-08 2.292571E-08 1.920619E-08 2.217799E-08 2.145308E-08 1.936935E-08 5.096588E-08 1.895451E-08 9.186612E-09 4.200081E-08 1.601260E-08 2.337396E-08 3.313334E-08 3.182922E-08 2.701263E-08 1.670254E-08 8.803314E03 3.592089E-09 1.273742E-08 2.493110E-08 1.884191E-08 3.120250E-08 2.520844E-08 1.383012E-08 2.718926E-08 3.703849E-08 3.153283E-08 1.897779E-08 4.370927E-08 2.212918E-08 4.829557E-08 2.672645E-08
 3.212001E-09 7.637156E-09 2.110176E-09 9.298783E-09 6.336468E-09 1.080904E-08 1.487012E-08 2.580507E-09 9.302097E-09 4.118554E-09 8.399446E-09 3.009348E-09 8.935140E-09 8.505134E-09 8.773130E-09 7.147553E-09 9.427950E-09 8.774323E-09 1.528676E-08 7.638798E-09 5.959093E-09 7.023785E-09 1.143249E-08 5.206022E-09 8.017500E-09 6.610885E-09 7.155916E-09 7.747418E-09 6.308017E-09 1.911137E-08 6.914613E-09 2.455618E-09 1.572104E-08 5.689037E-09 7.373485E-09 1.203311E-08 1.004020E-08 9.565588E-09 5.817247E-09 3.592089E-09 4.068736E03 4.776313E-09 8.777148E-09 5.894306E-09 1.033401E-08 8.065333E-09 4.976715E-09 1.002797E-08 1.228584E-08 1.127373E-08 6.922625E-09 1.603152E-08 7.869445E-09 1.743944E-08 9.945353E-09
 1.257692E-08 2.721427E-08 6.281348E-09 3.606131E-08 2.418774E-08 4.280279E-08 5.471401E-08 9.121820E-09 3.607779E-08 9.807173E-09 3.283141E-08 1.084163E-08 3.307011E-08 3.287850E-08 3.299792E-08 2.699610E-08 3.613387E-08 3.299845E-08 5.853760E-08 2.978094E-08 2.171687E-08 2.694095E-08 4.308060E-08 1.920987E-08 2.996332E-08 2.432230E-08 2.456516E-08 2.984297E-08 2.188395E-08 7.609810E-08 2.687935E-08 6.429142E-09 6.250168E-08 2.158495E-08 2.464984E-08 4.658894E-08 3.356253E-08 3.618020E-08 2.165367E-08 1.273742E-08 4.776313E-09 4.029440E03 3.301403E-08 1.950566E-08 3.652261E-08 2.741802E-08 1.910769E-08 3.936235E-08 4.349358E-08 4.302622E-08 2.690883E-08 6.262025E-08 2.988371E-08 6.717060E-08 3.934122E-08
